// MilkShape 3D ASCII

Frames: 30
Frame: 1

Meshes: 1
"litGr" 1 0
216
1 -0.337399 0.381625 0.018714 0.000000 1.000000 -1
1 0.253813 0.117151 0.436168 1.000000 0.000000 -1
1 -0.091429 0.536431 0.479591 0.000000 0.000000 -1
1 -0.337399 0.381625 0.018714 0.000000 1.000000 -1
1 0.007843 -0.037654 -0.024709 1.000000 1.000000 -1
1 0.253813 0.117151 0.436168 1.000000 0.000000 -1
1 -0.057432 0.251785 -0.268104 0.000000 1.000000 -1
1 -0.139398 0.204089 0.294756 1.000000 0.000000 -1
1 -0.213091 0.489224 0.018767 0.000000 0.000000 -1
1 -0.057432 0.251785 -0.268104 0.000000 1.000000 -1
1 0.016262 -0.033350 0.007885 1.000000 1.000000 -1
1 -0.139398 0.204089 0.294756 1.000000 0.000000 -1
1 0.073393 0.476810 -0.162263 0.000000 1.000000 -1
1 -0.334315 0.111855 0.380258 1.000000 0.000000 -1
1 -0.282733 0.630212 0.220511 0.000000 0.000000 -1
1 0.073393 0.476810 -0.162263 0.000000 1.000000 -1
1 0.021810 -0.041547 -0.002516 1.000000 1.000000 -1
1 -0.334315 0.111855 0.380258 1.000000 0.000000 -1
1 -0.243443 0.400249 -0.260949 0.000000 1.000000 -1
1 -0.214291 0.130473 0.460242 1.000000 0.000000 -1
1 -0.454500 0.554756 0.217021 0.000000 0.000000 -1
1 -0.243443 0.400249 -0.260949 0.000000 1.000000 -1
1 -0.003233 -0.024034 -0.017728 1.000000 1.000000 -1
1 -0.214291 0.130473 0.460242 1.000000 0.000000 -1
1 0.152972 0.264628 -0.216602 0.000000 1.000000 -1
1 -0.342508 0.221868 0.063533 1.000000 0.000000 -1
1 -0.165779 0.506122 -0.162009 0.000000 0.000000 -1
1 0.152972 0.264628 -0.216602 0.000000 1.000000 -1
1 -0.023756 -0.019626 0.008940 1.000000 1.000000 -1
1 -0.342508 0.221868 0.063533 1.000000 0.000000 -1
1 0.103641 0.522058 -0.013331 0.000000 1.000000 -1
1 -0.528519 0.085996 -0.076341 1.000000 0.000000 -1
1 -0.425643 0.620656 -0.097055 0.000000 0.000000 -1
1 0.103641 0.522058 -0.013331 0.000000 1.000000 -1
1 0.000765 -0.012602 0.007383 1.000000 1.000000 -1
1 -0.528519 0.085996 -0.076341 1.000000 0.000000 -1
1 0.106810 0.404163 -0.345293 0.000000 1.000000 -1
1 -0.505009 0.140220 0.041692 1.000000 0.000000 -1
1 -0.409943 0.565957 -0.284781 0.000000 0.000000 -1
1 0.106810 0.404163 -0.345293 0.000000 1.000000 -1
1 0.011744 -0.021573 -0.018820 1.000000 1.000000 -1
1 -0.505009 0.140220 0.041692 1.000000 0.000000 -1
1 0.266594 0.262973 0.018080 0.000000 1.000000 -1
1 -0.225949 0.230105 -0.268496 1.000000 0.000000 -1
1 0.062211 0.509705 -0.227387 0.000000 0.000000 -1
1 0.266594 0.262973 0.018080 0.000000 1.000000 -1
1 -0.021566 -0.016626 -0.023030 1.000000 1.000000 -1
1 -0.225949 0.230105 -0.268496 1.000000 0.000000 -1
1 -0.043836 0.536492 0.020125 0.000000 1.000000 -1
1 -0.194692 -0.001250 -0.510744 1.000000 0.000000 -1
1 -0.233495 0.541855 -0.490633 0.000000 0.000000 -1
1 -0.043836 0.536492 0.020125 0.000000 1.000000 -1
1 -0.005034 -0.006614 0.000014 1.000000 1.000000 -1
1 -0.194692 -0.001250 -0.510744 1.000000 0.000000 -1
1 0.338519 0.395762 0.057410 0.000000 1.000000 -1
1 -0.154534 0.147961 -0.480400 1.000000 0.000000 -1
1 0.190836 0.567263 -0.438221 0.000000 0.000000 -1
1 0.338519 0.395762 0.057410 0.000000 1.000000 -1
1 -0.006851 -0.023540 0.015231 1.000000 1.000000 -1
1 -0.154534 0.147961 -0.480400 1.000000 0.000000 -1
1 0.006550 0.257088 0.276662 0.000000 1.000000 -1
1 0.201405 0.228568 -0.259084 1.000000 0.000000 -1
1 0.216437 0.503739 0.035802 0.000000 0.000000 -1
1 0.006550 0.257088 0.276662 0.000000 1.000000 -1
1 -0.008482 -0.018082 -0.018225 1.000000 1.000000 -1
1 0.201405 0.228568 -0.259084 1.000000 0.000000 -1
1 -0.088942 0.519385 -0.048526 0.000000 1.000000 -1
1 0.445571 0.010747 -0.270627 1.000000 0.000000 -1
1 0.381606 0.549436 -0.321573 0.000000 0.000000 -1
1 -0.088942 0.519385 -0.048526 0.000000 1.000000 -1
1 -0.024976 -0.019304 0.002420 1.000000 1.000000 -1
1 0.445571 0.010747 -0.270627 1.000000 0.000000 -1
1 0.219187 0.390555 0.294432 0.000000 1.000000 -1
1 0.258849 0.146104 -0.435237 1.000000 0.000000 -1
1 0.474267 0.561263 -0.155753 0.000000 0.000000 -1
1 0.219187 0.390555 0.294432 0.000000 1.000000 -1
1 0.003769 -0.024604 0.014948 1.000000 1.000000 -1
1 0.258849 0.146104 -0.435237 1.000000 0.000000 -1
1 -0.171029 0.257216 0.208080 0.000000 1.000000 -1
1 0.348803 0.223417 -0.025235 1.000000 0.000000 -1
1 0.151059 0.499937 0.192334 0.000000 0.000000 -1
1 -0.171029 0.257216 0.208080 0.000000 1.000000 -1
1 0.026715 -0.019304 -0.009489 1.000000 1.000000 -1
1 0.348803 0.223417 -0.025235 1.000000 0.000000 -1
1 -0.109932 0.519709 0.040813 0.000000 1.000000 -1
1 0.520761 0.085222 0.125630 1.000000 0.000000 -1
1 0.408790 0.615980 0.176944 0.000000 0.000000 -1
1 -0.109932 0.519709 0.040813 0.000000 1.000000 -1
1 0.002038 -0.011048 -0.010502 1.000000 1.000000 -1
1 0.520761 0.085222 0.125630 1.000000 0.000000 -1
1 0.110893 0.699777 -0.207126 0.000000 1.000000 -1
1 -0.500927 0.336817 0.088988 1.000000 0.000000 -1
1 -0.405860 0.837730 -0.103165 0.000000 0.000000 -1
1 0.110893 0.699777 -0.207126 0.000000 1.000000 -1
1 0.015827 0.198864 -0.014972 1.000000 1.000000 -1
1 -0.500927 0.336817 0.088988 1.000000 0.000000 -1
1 0.270677 0.461222 0.101202 0.000000 1.000000 -1
1 -0.221866 0.511077 -0.182911 1.000000 0.000000 -1
1 0.066294 0.767497 -0.064105 0.000000 0.000000 -1
1 0.270677 0.461222 0.101202 0.000000 1.000000 -1
1 -0.017483 0.204803 -0.017604 1.000000 1.000000 -1
1 -0.221866 0.511077 -0.182911 1.000000 0.000000 -1
1 -0.039753 0.747489 0.047636 0.000000 1.000000 -1
1 -0.190609 0.228439 -0.501524 1.000000 0.000000 -1
1 -0.229412 0.770524 -0.462631 0.000000 0.000000 -1
1 -0.039753 0.747489 0.047636 0.000000 1.000000 -1
1 -0.000951 0.205405 0.008743 1.000000 1.000000 -1
1 -0.190609 0.228439 -0.501524 1.000000 0.000000 -1
1 0.236303 0.695785 0.021545 0.000000 1.000000 -1
1 -0.241475 0.346609 -0.471963 1.000000 0.000000 -1
1 -0.020999 0.843530 -0.435445 0.000000 0.000000 -1
1 0.236303 0.695785 0.021545 0.000000 1.000000 -1
1 0.015827 0.198864 -0.014972 1.000000 1.000000 -1
1 -0.241475 0.346609 -0.471963 1.000000 0.000000 -1
1 -0.010905 0.458337 0.266517 0.000000 1.000000 -1
1 0.106615 0.512935 -0.289372 1.000000 0.000000 -1
1 0.087649 0.765950 0.024517 0.000000 0.000000 -1
1 -0.010905 0.458337 0.266517 0.000000 1.000000 -1
1 0.008060 0.205322 -0.047372 1.000000 1.000000 -1
1 0.106615 0.512935 -0.289372 1.000000 0.000000 -1
1 -0.051860 0.749048 -0.041694 0.000000 1.000000 -1
1 0.414400 0.226009 -0.362284 1.000000 0.000000 -1
1 0.374360 0.769090 -0.380527 0.000000 0.000000 -1
1 -0.051860 0.749048 -0.041694 0.000000 1.000000 -1
1 -0.011820 0.205967 -0.023451 1.000000 1.000000 -1
1 0.414400 0.226009 -0.362284 1.000000 0.000000 -1
1 0.077828 0.692547 0.207080 0.000000 1.000000 -1
1 0.335369 0.345895 -0.431083 1.000000 0.000000 -1
1 0.397370 0.839577 -0.209030 0.000000 0.000000 -1
1 0.077828 0.692547 0.207080 0.000000 1.000000 -1
1 0.015827 0.198864 -0.014972 1.000000 1.000000 -1
1 0.335369 0.345895 -0.431083 1.000000 0.000000 -1
1 -0.248937 0.461679 0.075058 0.000000 1.000000 -1
1 0.308708 0.508536 -0.037373 1.000000 0.000000 -1
1 0.017194 0.765110 0.072589 0.000000 0.000000 -1
1 -0.248937 0.461679 0.075058 0.000000 1.000000 -1
1 0.042577 0.205105 -0.034903 1.000000 1.000000 -1
1 0.308708 0.508536 -0.037373 1.000000 0.000000 -1
1 0.022282 0.749750 -0.081913 0.000000 1.000000 -1
1 0.493240 0.215966 0.213077 1.000000 0.000000 -1
1 0.502780 0.759397 0.174801 0.000000 0.000000 -1
1 0.022282 0.749750 -0.081913 0.000000 1.000000 -1
1 0.012742 0.206319 -0.043636 1.000000 1.000000 -1
1 0.493240 0.215966 0.213077 1.000000 0.000000 -1
1 -0.178063 0.694376 0.102281 0.000000 1.000000 -1
1 0.495784 0.334806 0.204196 1.000000 0.000000 -1
1 0.301893 0.830318 0.321449 0.000000 0.000000 -1
1 -0.178063 0.694376 0.102281 0.000000 1.000000 -1
1 0.015827 0.198864 -0.014972 1.000000 1.000000 -1
1 0.495784 0.334806 0.204196 1.000000 0.000000 -1
1 -0.127183 0.467335 -0.248957 0.000000 1.000000 -1
1 0.109046 0.503181 0.269421 1.000000 0.000000 -1
1 -0.059524 0.766137 0.013802 0.000000 0.000000 -1
1 -0.127183 0.467335 -0.248957 0.000000 1.000000 -1
1 0.041386 0.204379 0.006662 1.000000 1.000000 -1
1 0.109046 0.503181 0.269421 1.000000 0.000000 -1
1 0.091852 0.748606 -0.016374 0.000000 1.000000 -1
1 -0.098203 0.210925 0.501820 1.000000 0.000000 -1
1 -0.049527 0.753549 0.509801 0.000000 0.000000 -1
1 0.091852 0.748606 -0.016374 0.000000 1.000000 -1
1 0.043176 0.205982 -0.024355 1.000000 1.000000 -1
1 -0.098203 0.210925 0.501820 1.000000 0.000000 -1
1 -0.164673 0.698533 -0.135903 0.000000 1.000000 -1
1 0.022797 0.329399 0.513975 1.000000 0.000000 -1
1 -0.157702 0.829068 0.393045 0.000000 0.000000 -1
1 -0.164673 0.698533 -0.135903 0.000000 1.000000 -1
1 0.015827 0.198864 -0.014972 1.000000 1.000000 -1
1 0.022797 0.329399 0.513975 1.000000 0.000000 -1
1 0.171408 0.467195 -0.240959 0.000000 1.000000 -1
1 -0.197447 0.504514 0.193042 1.000000 0.000000 -1
1 -0.033186 0.767518 -0.065318 0.000000 0.000000 -1
1 0.171408 0.467195 -0.240959 0.000000 1.000000 -1
1 0.007148 0.204192 0.017401 1.000000 1.000000 -1
1 -0.197447 0.504514 0.193042 1.000000 0.000000 -1
1 0.057993 0.747294 0.058818 0.000000 1.000000 -1
1 -0.500347 0.217924 0.100889 1.000000 0.000000 -1
1 -0.478377 0.759763 0.153814 0.000000 0.000000 -1
1 0.057993 0.747294 0.058818 0.000000 1.000000 -1
1 0.036023 0.205454 0.005893 1.000000 1.000000 -1
1 -0.500347 0.217924 0.100889 1.000000 0.000000 -1
1 -0.380722 0.836645 0.104765 0.000000 1.000000 -1
1 0.377109 0.746814 0.211387 1.000000 0.000000 -1
1 0.015458 1.137657 0.326813 0.000000 0.000000 -1
1 -0.380722 0.836645 0.104765 0.000000 1.000000 -1
1 -0.019072 0.445801 -0.010662 1.000000 1.000000 -1
1 0.377109 0.746814 0.211387 1.000000 0.000000 -1
1 -0.248482 0.644105 -0.245872 0.000000 1.000000 -1
1 -0.044791 0.762836 0.273953 1.000000 0.000000 -1
1 -0.295864 0.946728 0.016954 0.000000 0.000000 -1
1 -0.248482 0.644105 -0.245872 0.000000 1.000000 -1
1 0.002591 0.460213 0.011128 1.000000 1.000000 -1
1 -0.044791 0.762836 0.273953 1.000000 0.000000 -1
1 -0.148299 0.985519 -0.012239 0.000000 1.000000 -1
1 -0.132952 0.414923 0.505381 1.000000 0.000000 -1
1 -0.285122 0.938047 0.513021 0.000000 0.000000 -1
1 -0.148299 0.985519 -0.012239 0.000000 1.000000 -1
1 0.003871 0.462395 -0.019880 1.000000 1.000000 -1
1 -0.132952 0.414923 0.505381 1.000000 0.000000 -1
1 0.230016 0.771664 -0.369329 0.000000 1.000000 -1
1 -0.256650 0.879405 0.218288 1.000000 0.000000 -1
1 -0.007562 1.205267 -0.140379 0.000000 0.000000 -1
1 0.230016 0.771664 -0.369329 0.000000 1.000000 -1
1 -0.019072 0.445801 -0.010662 1.000000 1.000000 -1
1 -0.256650 0.879405 0.218288 1.000000 0.000000 -1
1 0.355594 0.494305 -0.078113 0.000000 1.000000 -1
1 -0.093667 0.833238 -0.173472 1.000000 0.000000 -1
1 0.302265 0.856355 -0.248343 0.000000 0.000000 -1
1 0.355594 0.494305 -0.078113 0.000000 1.000000 -1
1 -0.040337 0.471187 -0.003241 1.000000 1.000000 -1
1 -0.093667 0.833238 -0.173472 1.000000 0.000000 -1
1 0.269358 0.910176 -0.106382 0.000000 1.000000 -1
1 -0.373784 0.584376 -0.378357 1.000000 0.000000 -1
1 -0.088233 1.032498 -0.498861 0.000000 0.000000 -1
1 0.269358 0.910176 -0.106382 0.000000 1.000000 -1
1 -0.016193 0.462054 0.014122 1.000000 1.000000 -1
1 -0.373784 0.584376 -0.378357 1.000000 0.000000 -1
72
-0.628262 -0.571944 0.527416
-0.628262 -0.571945 0.527415
-0.904392 -0.393491 -0.165045
-0.904391 -0.393493 -0.165045
-0.750889 -0.125122 -0.648468
-0.750888 -0.125123 -0.648468
-0.809686 -0.559655 -0.176621
-0.809686 -0.559655 -0.176621
-0.429616 -0.382091 -0.818191
-0.429615 -0.382092 -0.818191
0.143906 -0.065943 -0.987392
0.143906 -0.065943 -0.987392
-0.264703 -0.548898 -0.792870
-0.264703 -0.548899 -0.792870
0.483574 -0.382631 -0.787242
0.483574 -0.382632 -0.787241
0.934754 0.079606 -0.346264
0.934754 0.079606 -0.346264
0.724392 -0.555615 -0.408104
0.724392 -0.555614 -0.408104
0.853341 -0.402164 0.331774
0.853340 -0.402165 0.331774
0.490299 0.139582 0.860305
0.490299 0.139582 0.860305
0.790265 -0.566802 0.232844
0.790265 -0.566803 0.232845
0.350903 -0.411059 0.841367
0.350903 -0.411059 0.841366
-0.226739 -0.141005 0.963694
-0.226739 -0.141005 0.963694
-0.264703 -0.301181 -0.916091
-0.264703 -0.301182 -0.916091
0.483573 -0.143355 -0.863485
0.483573 -0.143356 -0.863485
0.934754 0.091541 -0.343302
0.934754 0.091541 -0.343301
0.783106 -0.307739 -0.540408
0.783106 -0.307739 -0.540408
0.968591 -0.161725 0.188885
0.968590 -0.161725 0.188885
0.618608 0.071891 0.782404
0.618608 0.071892 0.782404
0.801941 -0.325911 0.500673
0.801941 -0.325911 0.500673
0.208710 -0.175223 0.962152
0.208710 -0.175223 0.962152
-0.471162 0.070201 0.879249
-0.471161 0.070201 0.879249
-0.312122 -0.332705 0.889881
-0.312121 -0.332704 0.889881
-0.893009 -0.165731 0.418412
-0.893009 -0.165732 0.418412
-0.961608 0.090073 -0.259222
-0.961608 0.090073 -0.259222
-0.943447 -0.318762 0.091098
-0.943447 -0.318762 0.091097
-0.759876 -0.147376 -0.633142
-0.759876 -0.147377 -0.633141
-0.171160 0.102652 -0.979881
-0.171160 0.102652 -0.979881
-0.175298 -0.424538 0.888278
-0.175298 -0.424538 0.888278
-0.774115 -0.479829 0.412929
-0.774115 -0.479829 0.412929
-0.926791 -0.265715 -0.265432
-0.926791 -0.265715 -0.265432
-0.775164 -0.094931 -0.624587
-0.775164 -0.094931 -0.624587
-0.142245 -0.438254 -0.887525
-0.142245 -0.438253 -0.887525
0.542783 -0.522660 -0.657429
0.542783 -0.522659 -0.657430
72
1 0 1 2 0 0 0 1
1 3 4 5 1 1 1 1
1 6 7 8 2 2 2 1
1 9 10 11 3 3 3 1
1 12 13 14 4 4 4 1
1 15 16 17 5 5 5 1
1 18 19 20 6 6 6 1
1 21 22 23 7 7 7 1
1 24 25 26 8 8 8 1
1 27 28 29 9 9 9 1
1 30 31 32 10 10 10 1
1 33 34 35 11 11 11 1
1 36 37 38 12 12 12 1
1 39 40 41 13 13 13 1
1 42 43 44 14 14 14 1
1 45 46 47 15 15 15 1
1 48 49 50 16 16 16 1
1 51 52 53 17 17 17 1
1 54 55 56 18 18 18 1
1 57 58 59 19 19 19 1
1 60 61 62 20 20 20 1
1 63 64 65 21 21 21 1
1 66 67 68 22 22 22 1
1 69 70 71 23 23 23 1
1 72 73 74 24 24 24 1
1 75 76 77 25 25 25 1
1 78 79 80 26 26 26 1
1 81 82 83 27 27 27 1
1 84 85 86 28 28 28 1
1 87 88 89 29 29 29 1
1 90 91 92 30 30 30 1
1 93 94 95 31 31 31 1
1 96 97 98 32 32 32 1
1 99 100 101 33 33 33 1
1 102 103 104 34 34 34 1
1 105 106 107 35 35 35 1
1 108 109 110 36 36 36 1
1 111 112 113 37 37 37 1
1 114 115 116 38 38 38 1
1 117 118 119 39 39 39 1
1 120 121 122 40 40 40 1
1 123 124 125 41 41 41 1
1 126 127 128 42 42 42 1
1 129 130 131 43 43 43 1
1 132 133 134 44 44 44 1
1 135 136 137 45 45 45 1
1 138 139 140 46 46 46 1
1 141 142 143 47 47 47 1
1 144 145 146 48 48 48 1
1 147 148 149 49 49 49 1
1 150 151 152 50 50 50 1
1 153 154 155 51 51 51 1
1 156 157 158 52 52 52 1
1 159 160 161 53 53 53 1
1 162 163 164 54 54 54 1
1 165 166 167 55 55 55 1
1 168 169 170 56 56 56 1
1 171 172 173 57 57 57 1
1 174 175 176 58 58 58 1
1 177 178 179 59 59 59 1
1 180 181 182 60 60 60 1
1 183 184 185 61 61 61 1
1 186 187 188 62 62 62 1
1 189 190 191 63 63 63 1
1 192 193 194 64 64 64 1
1 195 196 197 65 65 65 1
1 198 199 200 66 66 66 1
1 201 202 203 67 67 67 1
1 204 205 206 68 68 68 1
1 207 208 209 69 69 69 1
1 210 211 212 70 70 70 1
1 213 214 215 71 71 71 1

Materials: 1
"1.Mat0Tex0"
0.000000 0.000000 0.000000 1.000000
0.800000 0.800000 0.800000 1.000000
1.000000 1.000000 1.000000 1.000000
0.000000 0.000000 0.000000 1.000000
66.559998
1.000000
"litGrC.tga"
""

Bones: 0
GroupComments: 0
MaterialComments: 0
BoneComments: 0
ModelComment: 0
